Script started on 2025-11-21 14:32:34+00:00 [TERM="xterm" TTY="/dev/pts/1" COLUMNS="120" LINES="30"]
[?2004hsh-5.1# [7mvmstat 2 8[27msh-5.1# vmstat 2 8
[?2004lprocs -----------memory---------- ---swap-- -----io---- -system-- ------cpu-----
 r  b   swpd   free   buff  cache   si   so    bi    bo   in   cs us sy id wa st
 2  0      0 5214148 100972 2027188    0    0    88  2366   99  320  1  1 98  1  0
 0  0      0 5214148 100972 2027188    0    0     0     0  133  765  0  0 100  0  0
 0  0      0 5214148 100972 2027188    0    0     0     0   44  384  0  0 100  0  0
 0  0      0 5214024 100972 2027188    0    0     0     0   26  233  0  0 100  0  0
 0  0      0 5211996 100972 2027188    0    0     0     0   38  332  0  0 100  0  0
 0  0      0 5207712 100972 2027188    0    0     0     0  762 2686  1  1 99  0  0
 0  0      0 5207460 100972 2027188    0    0     0     0  182  987  0  0 100  0  0
 0  0      0 5209528 100972 2027188    0    0     0     0   39  284  0  0 100  0  0
[?2004hsh-5.1# exit
[?2004lexit

Script done on 2025-11-21 14:33:07+00:00 [COMMAND_EXIT_CODE="0"]
